456782103
457682103
457862103
458762103
465782103
465872103
467582103
467852103
475682103
475862103
476582103
476852103
478562103
478652103
485672103
485762103
487562103
487652103
546782103
547682103
547862103
548762103
564782103
564872103
567482103
567842103
574682103
574862103
576482103
576842103
578462103
578642103
584672103
584762103
587462103
587642103
645782103
645872103
647582103
647852103
648572103
648752103
654782103
654872103
657482103
657842103
658472103
658742103
674582103
674852103
675482103
675842103
678452103
678542103
745682103
745862103
746582103
746852103
748562103
748652103
754682103
754862103
756482103
756842103
758462103
758642103
764582103
764852103
765482103
765842103
768452103
768542103
784562103
784652103
785462103
785642103
786452103
786542103
845672103
845762103
846572103
846752103
847562103
847652103
854672103
854762103
856472103
856742103
857462103
857642103
874562103
874652103
875462103
875642103
876452103
876542103
